{
    "depth": 100.0,
    "description": "none",
    "front": 100.0,
    "h": 3866.601511801894,
    "id": 15,
    "name": "target15",
    "x": 4909507.966566214,
    "y": 8158581.975724731
}