{
    "depth": 100.0,
    "description": "none",
    "front": 100.0,
    "h": 3858.8885789552915,
    "id": 10,
    "name": "target10",
    "x": 4910083.895776207,
    "y": 8146769.017169096
}