{
    "depth": 100.0,
    "description": "none",
    "front": 100.0,
    "h": 3854.025583061917,
    "id": 14,
    "name": "target14",
    "x": 4897933.694072103,
    "y": 8159642.381422308
}