{
    "depth": 100.0,
    "description": "none",
    "front": 100.0,
    "h": 3843.271537513096,
    "id": 12,
    "name": "target12",
    "x": 4896481.087909852,
    "y": 8160032.886071363
}