{
    "depth": 100.0,
    "description": "none",
    "front": 100.0,
    "h": 3857.8695662045,
    "id": 8,
    "name": "target8",
    "x": 4904279.971758151,
    "y": 8146315.379275529
}