{
    "depth": 100.0,
    "description": "none",
    "front": 100.0,
    "h": 3841.233173094956,
    "id": 9,
    "name": "target9",
    "x": 4904890.082625051,
    "y": 8163636.31263287
}