{
    "depth": 100.0,
    "description": "none",
    "front": 100.0,
    "h": 3901.3900083663552,
    "id": 16,
    "name": "target16",
    "x": 4894862.670431127,
    "y": 8146501.997508465
}