{
    "depth": 100.0,
    "description": "none",
    "front": 100.0,
    "h": 3895.76709977944,
    "id": 7,
    "name": "target7",
    "x": 4892612.72130782,
    "y": 8159331.861331125
}