{
    "depth": 100.0,
    "description": "none",
    "front": 100.0,
    "h": 3898.5720155704853,
    "id": 13,
    "name": "target13",
    "x": 4900483.064956736,
    "y": 8151646.364081357
}