{
    "depth": 100.0,
    "description": "none",
    "front": 100.0,
    "h": 3836.7804334816346,
    "id": 11,
    "name": "target11",
    "x": 4894640.937103347,
    "y": 8163343.170620356
}